一行1+4+3*17个值

1：类别，一般为0，表示一类目标检测对象

4：4个坐标值，表示框的4个顶点坐标

3*17：17组关键点的坐标值，每组坐标值由三个值组成，分别是两个[x, y]坐标值和一个可见度。
可见度为1表示完全可见，为0表示完全不可见，可以认为可见度>0.8表示可见，可见度<0.1表示不可见

i.e. 
0 0.53125 0.509722 0.56875 0.952778 0.535922 0.337411 0.984083 0.575246 0.271614 0.9842 0.495473 0.273038 0.976047 0.626564 0.324696 0.913725 0.445111 0.331346 0.800158 0.713552 0.698367 0.922966 0.371715 0.704342 0.944046 0 0 0.0935386 0 0 0.10883 0 0 0.0600726 0 0 0.0611718 0 0 0.0138212 0 0 0.0157272 0 0 0.00452301 0 0 0.00478061 0 0 0.00376147 0 0 0.00428949
